                          |                       56.05
                          |                       53.10
                         ||                       50.15
                         ||                       47.20
                   |     ||| |                    44.25
                   ||  | ||| |                    41.30
                  |||| ||||| ||                   38.35
                  |||||||||||||                   35.40
                  |||||||||||||||                 32.45
                | |||||||||||||||                 29.50
                | |||||||||||||||                 26.55
               || ||||||||||||||||||              23.60
               || |||||||||||||||||||             20.65
          |  | |||||||||||||||||||||| |           17.70
          | ||||||||||||||||||||||||| |           14.75
          ||||||||||||||||||||||||||||||          11.80
        | |||||||||||||||||||||||||||||| |        8.85
        |||||||||||||||||||||||||||||||| ||       5.90
   ||  ||||||||||||||||||||||||||||||||| |||      2.95
||||||||||||||||||||||||||||||||||||||||||||||||||0.00
